0,1418
2,3
0,518
0,517
0,516
2,0
0,1417
0,515
0,514
0,513
1,1
0,512
0,1416
0,511
0,510
0,509
0,508
0,507
0,506
0,1415
0,505
0,504
0,503
0,502
0,501
0,500
1,3
0,1414
0,499
1,0
0,1413
0,498
0,497
0,496
4,1
0,1412
0,495
0,494
0,493
0,492
0,491
4,3
0,1411
0,490
0,489
0,488
4,0
0,1410
0,487
0,486
0,1409
0,485
0,484
0,1408
0,483
0,482
0,481
0,480
0,479
0,478
0,477
0,476
0,475
0,474
0,473
0,472
0,471
0,470
0,469
0,468
0,467
0,466
0,465
0,464
0,463
0,462
0,461
0,460
0,459
0,458
0,457
0,456
0,455
0,454
0,453
0,452
0,451
0,450
0,449
0,448
0,447
0,446
0,444
0,443
0,442
0,441
0,440
0,439
0,438
0,437
0,436
0,435
0,434
0,433
0,432
0,431
0,430
0,429
0,428
0,427
0,426
0,425
0,424
0,423
0,422
0,421
0,408
0,376
0,420
0,327
0,324
0,419
0,320
0,316
0,314
0,418
0,417
0,243
0,9
0,416
0,415
0,414
0,310
0,305
0,308
0,304
0,303
0,302
0,307
0,12
0,10
0,8
0,0
0,300
0,299
0,298
0,297
0,296
0,295
0,294
0,293
0,292
0,291
0,290
0,289
0,288
0,287
0,286
0,285
0,284
0,283
0,282
0,412
0,281
0,411
0,280
0,410
0,279
0,409
0,278
0,407
0,277
0,276
0,519
2,1
0,521
0,522
0,1419
0,524
0,526
0,1420
0,528
0,529
0,530
0,531
0,1423
0,533
0,1424
0,535
0,537
0,538
0,540
0,1425
0,542
0,544
0,545
0,1426
0,548
0,549
0,1427
0,551
0,553
0,554
0,555
0,556
0,557
0,559
0,560
0,562
0,564
0,565
0,1430
0,567
0,569
0,570
0,572
0,574
0,575
0,577
0,1431
0,579
0,1432
0,581
0,583
0,584
0,1433
0,1434
0,642
0,644
0,1435
0,1436
0,646
0,648
0,649
0,1438
0,651
0,652
0,654
0,656
0,1439
0,658
0,659
0,1440
0,661
0,663
0,1441
0,665
0,669
0,670
0,671
0,673
0,674
0,675
0,676
0,678
0,1444
0,680
0,682
0,1445
0,684
0,685
0,686
0,689
0,690
0,692
0,693
0,695
0,697
0,698
0,705
0,706
0,708
0,709
0,711
0,713
0,714
0,1447
0,716
0,718
0,1448
0,720
0,722
0,723
0,724
0,725
0,727
0,728
0,729
0,731
0,1451
0,733
0,735
0,1452
0,737
0,738
0,740
0,1453
0,742
0,744
0,1454
0,746
0,747
0,1455
0,750
0,751
0,1456
0,753
0,755
0,1457
0,757
0,1458
0,759
0,761
0,762
0,763
0,765
0,766
0,767
0,768
0,770
0,1461
0,772
0,774
0,775
0,777
0,1462
0,779
0,781
0,1463
0,783
0,784
0,786
0,788
0,1464
0,790
0,791
0,1465
0,793
0,795
0,1466
0,797
0,799
0,800
0,801
0,803
0,1468
0,805
0,806
0,1469
0,808
0,810
0,811
0,812
0,814
0,1471
0,816
0,818
0,1472
0,820
0,1473
0,822
0,824
0,1474
0,826
0,827
0,829
0,1475
0,831
0,833
0,1476
0,835
0,836
0,1477
0,839
0,840
0,1478
0,842
0,844
0,845
0,846
0,848
0,849
0,850
0,851
0,853
0,1481
0,855
0,857
0,858
0,859
0,860
0,862
0,1483
0,864
0,866
0,867
0,1484
0,870
0,871
0,1485
0,873
0,875
0,876
0,1486
0,879
0,880
0,1487
0,882
0,884
0,886
0,887
0,889
0,890
0,892
0,1488
0,894
0,896
0,1489
0,898
0,1490
0,1491
0,1493
0,1494
0,900
0,901
0,1496
0,904
0,905
0,907
0,1497
0,909
0,910
0,1498
0,913
0,914
0,1499
0,916
0,918
0,920
0,1500
0,922
0,923
0,925
0,1501
0,927
0,929
0,1502
0,931
0,1503
0,933
0,1504
0,935
0,937
0,938
0,939
0,941
0,942
0,943
0,944
0,946
0,1507
0,948
0,1508
0,950
0,952
0,1509
0,954
0,956
0,1510
0,958
0,959
0,1511
0,961
0,963
0,965
0,1512
0,967
0,968
0,1513
0,971
0,972
0,1514
0,974
0,976
0,977
0,978
0,980
0,981
0,982
0,983
0,985
0,987
0,988
0,990
0,991
0,993
0,995
0,996
0,1517
0,998
0,1000
0,1001
0,1518
0,1004
0,1005
0,1007
0,1519
0,1009
0,1011
0,1520
0,1013
0,1014
0,1521
0,1016
0,1018
0,1020
0,1522
0,1022
0,1023
0,1523
0,1026
0,1524
0,1028
0,1525
0,1526
0,1030
0,1527
0,1033
0,1528
0,1035
0,1036
0,1038
0,1040
0,1041
0,1529
0,1043
0,1045
0,1530
0,1047
0,1531
0,1532
0,1534
0,1535
0,1050
0,1052
0,1053
0,1055
0,1056
0,1058
0,1060
0,1061
0,1063
0,1064
0,1066
0,1067
0,1069
0,1071
0,1072
0,1074
0,1075
0,1077
0,1079
0,1080
0,1082
0,1083
0,1085
0,1086
0,1088
0,1090
0,1091
0,1093
0,1094
0,1096
0,1098
0,1099
0,1101
0,1102
0,1104
0,1105
0,1107
0,1109
0,1110
0,1112
0,1113
0,1115
0,1117
0,1118
0,1120
0,1121
0,1123
0,1125
0,1126
0,1128
0,1129
0,1131
0,1132
0,1134
0,1136
0,1137
0,1139
0,1140
0,1142
0,1144
0,1145
0,1147
0,1148
0,1150
0,1151
0,1153
0,1155
0,1156
0,1158
0,1159
0,1161
0,1163
0,1164
0,1166
0,1167
0,1169
0,1170
0,1172
0,1174
0,1175
0,1177
0,1178
0,1180
0,1182
0,1183
0,1185
0,1186
0,1188
0,1189
0,1191
0,1193
0,1194
0,1196
0,1197
0,1199
0,1201
0,1202
0,1204
0,1205
0,1207
0,1209
0,1210
0,1212
0,1213
0,1215
0,1216
0,1218
0,1220
0,1221
0,1223
0,1224
0,1226
0,1228
0,1229
0,1231
0,1232
0,1234
0,1235
0,1237
0,1239
0,1240
0,1242
0,1243
0,1245
0,1247
0,1248
0,1250
0,1251
0,1253
0,1254
0,1256
0,1258
0,1259
0,1261
0,1262
0,1264
0,1266
0,1267
0,1269
0,1270
0,1272
0,1274
0,1275
0,1277
0,1278
0,1280
0,1281
0,1283
0,1285
0,1286
0,1288
0,1289
0,1291
0,1293
0,1294
0,1296
0,1297
0,1299
0,1300
0,1302
0,1304
0,1305
0,1307
0,1308
0,1310
0,1312
0,1313
0,1315
0,1316
0,1318
0,1319
0,1321
0,1323
0,1324
0,1326
0,1327
0,1329
0,1331
0,1332
0,1334
0,1335
0,1337
0,1338
0,1340
0,1342
0,1343
0,1345
0,1346
0,1348
0,1350
0,1351
0,1353
9,0
9,3
0,1356
0,1357
0,1358
9,6
9,1
0,1360
9,1142
9,5
0,1363
0,1364
0,1365
0,1366
9,637
0,1368
0,1370
9,144
0,1372
0,1373
0,1374
0,1376
0,1377
0,1378
0,1379
9,631
0,1382
9,1328
9,182
0,1384
0,1385
9,636
9,1164
9,131
0,1387
9,1163
0,1388
9,147
0,1391
9,159
9,181
9,138
9,180
0,1395
0,1396
0,1398
0,1399
0,1401
0,1402
0,1404
0,1406
0,1407
2,2
3,0
3,1
3,2
9,179
9,150
3,4
3,5
9,158
9,178
4,2
5,0
5,1
9,130
7,0
9,176
7,3
7,4
9,157
9,635
9,133
9,142
9,8
9,1162
9,146
9,156
9,174
9,137
9,12
9,634
9,13
9,141
9,1161
9,16
9,145
9,18
9,19
9,1152
9,136
9,172
9,22
9,23
9,24
9,160
9,149
9,139
9,154
9,170
9,169
9,132
9,639
9,630
9,164
9,165
9,1327
9,1136
9,31
9,32
9,34
9,35
9,37
9,38
9,40
9,42
9,43
9,1133
9,45
9,47
9,49
9,50
9,52
9,53
9,55
9,56
9,58
9,60
9,61
9,63
9,64
9,66
9,68
9,69
9,71
9,72
9,74
9,76
9,77
9,79
9,80
9,82
9,83
9,85
9,87
9,88
9,90
9,91
9,93
9,95
9,96
9,98
9,99
9,101
9,128
9,162
9,163
9,166
9,184
9,185
9,187
9,189
9,190
9,192
9,193
9,195
9,196
9,198
9,200
9,201
9,203
9,204
9,206
9,208
9,209
9,211
9,212
9,214
9,216
9,217
9,219
9,220
9,222
9,223
9,225
9,227
9,228
9,230
9,231
9,233
9,234
9,235
9,237
9,238
9,240
9,241
9,243
9,245
9,246
9,248
9,249
9,251
9,253
9,254
9,256
9,257
9,259
9,260
9,262
9,264
9,265
9,267
9,268
9,270
9,272
9,273
9,275
9,276
9,278
9,279
9,281
9,283
9,284
9,286
9,287
9,289
9,291
9,292
9,294
9,295
9,297
9,299
9,300
9,1128
9,302
9,304
9,305
9,307
9,309
9,310
9,312
9,313
9,315
9,317
9,318
9,320
9,321
9,323
9,324
9,326
9,328
9,329
9,331
9,332
9,334
9,336
9,337
9,339
9,340
9,342
9,343
9,345
9,347
9,348
9,350
9,351
9,353
9,355
9,356
9,358
9,359
9,361
9,363
9,364
9,366
9,367
9,369
9,370
9,372
9,374
9,375
9,377
9,378
9,380
9,382
9,383
9,385
9,386
9,388
9,389
9,391
9,393
9,394
9,396
9,397
9,399
9,401
9,402
9,404
9,405
9,407
9,408
9,410
9,412
9,413
9,415
9,416
9,418
9,420
9,421
9,423
9,424
9,426
9,427
9,429
9,431
9,432
9,434
9,435
9,437
9,439
9,440
9,442
9,443
9,445
9,447
9,448
9,450
9,451
9,453
9,454
9,456
9,458
9,459
9,461
9,462
9,464
9,466
9,467
9,469
9,470
9,472
9,473
9,475
9,477
9,478
9,480
9,481
9,483
9,485
9,486
9,488
9,489
9,491
9,492
9,494
9,496
9,497
9,499
9,500
9,502
9,504
9,505
9,507
9,508
9,510
9,512
9,513
9,515
9,516
9,518
9,519
9,521
9,523
9,524
9,526
9,527
9,529
9,531
9,532
9,534
9,535
9,537
9,538
9,540
9,542
9,543
9,545
9,546
9,548
9,550
9,551
9,553
9,554
9,556
9,557
9,559
9,561
9,562
9,564
9,565
9,567
9,569
9,570
9,572
9,573
9,575
9,577
9,578
9,580
9,581
9,582
9,583
9,585
9,587
9,588
9,590
9,591
9,593
9,595
9,596
9,598
9,599
9,601
9,602
9,604
9,606
9,607
9,609
9,610
9,612
9,614
9,615
9,617
9,618
9,620
9,621
9,623
9,625
9,626
9,628
9,629
9,641
9,642
9,643
9,644
9,645
9,647
9,1322
9,649
9,651
9,652
9,654
9,655
9,657
9,659
9,660
9,662
9,663
9,665
9,667
9,668
9,670
9,671
9,673
9,674
9,676
9,678
9,679
9,681
9,682
9,684
9,686
9,687
9,689
9,690
9,692
9,693
9,695
9,697
9,698
9,700
9,701
9,702
9,704
9,705
9,707
9,708
9,710
9,711
9,713
9,715
9,716
9,718
9,719
9,721
9,723
9,724
9,726
9,727
9,729
9,731
9,732
9,734
9,735
9,737
9,738
9,740
9,742
9,743
9,745
9,746
9,748
9,750
9,751
9,753
9,754
9,756
9,757
9,759
9,761
9,762
9,764
9,765
9,767
9,769
9,770
9,772
9,773
9,775
9,776
9,778
9,780
9,781
9,783
9,784
9,786
9,788
9,789
9,791
9,792
9,794
9,795
9,797
9,799
9,800
9,802
9,803
9,805
9,807
9,808
9,810
9,811
9,813
9,815
9,816
9,818
9,819
9,821
9,822
9,824
9,826
9,827
9,829
9,830
9,831
9,833
9,834
9,836
9,837
9,839
9,840
9,842
9,844
9,845
9,847
9,848
9,850
9,852
9,853
9,855
9,856
9,858
9,859
9,861
9,863
9,864
9,866
9,867
9,869
9,871
9,872
9,874
9,875
9,877
9,879
9,880
9,882
9,883
9,1320
9,885
9,887
9,889
9,890
9,892
9,893
9,895
9,896
9,897
9,899
9,1110
9,901
9,902
9,904
9,906
9,907
9,909
9,910
9,912
9,914
9,915
9,917
9,918
9,920
9,921
9,923
9,925
9,926
9,928
9,929
9,931
9,933
9,934
9,936
9,937
9,939
9,940
9,942
9,944
9,945
9,947
9,948
9,950
9,952
9,953
9,955
9,956
9,958
9,1318
9,960
9,962
9,963
9,965
9,966
9,968
9,970
9,971
9,973
9,974
9,976
9,978
9,979
9,981
9,982
9,984
9,985
9,987
9,989
9,990
9,992
9,993
9,995
9,997
9,998
9,1000
9,1001
9,1003
9,1004
9,1006
9,1008
9,1009
9,1011
9,1012
9,1014
9,1016
9,1017
9,1019
9,1020
9,1022
9,1024
9,1025
9,1027
9,1028
9,1030
9,1031
9,1033
9,1035
9,1036
9,1038
9,1317
9,1040
9,1042
9,1043
9,1045
9,1046
9,1048
9,1049
9,1051
9,1053
9,1054
9,1056
9,1057
9,1059
9,1061
9,1062
9,1064
9,1065
9,1067
9,1068
9,1070
9,1072
9,1073
9,1075
9,1076
9,1078
9,1080
9,1081
9,1083
9,1084
9,1086
9,1088
9,1090
9,1096
9,1098
9,1131
9,1148
9,1167
9,1169
9,1170
9,1172
9,1173
9,1175
9,1177
9,1178
9,1180
9,1181
9,1183
9,1184
9,1186
9,1188
9,1189
9,1191
9,1192
9,1194
9,1196
9,1197
9,1199
9,1201
9,1203
9,1204
9,1206
9,1208
9,1210
9,1212
9,1213
9,1215
9,1217
9,1218
9,1220
9,1221
9,1223
9,1224
9,1226
9,1228
9,1229
9,1231
9,1232
9,1234
9,1236
9,1237
9,1239
9,1240
9,1242
9,1244
9,1245
9,1247
9,1248
9,1250
9,1251
9,1253
9,1255
9,1256
9,1258
9,1259
9,1261
9,1263
9,1264
9,1266
9,1267
9,1269
9,1270
9,1275
9,1279
9,1280
9,1282
9,1283
9,1285
9,1288
9,1289
9,1293
9,1294
9,1300
9,1301
9,1303
9,1305
9,1306
9,1308
9,1309
9,1311
9,1313
9,1314
9,1316
9,1329
9,1331
9,1333
9,1334
9,1336
9,1337
9,1339
9,1340
9,1342
10,0
10,1
10,4
11,0
11,3
12,1
12,3
15,1
15,3
15,6
15,7
15,9
15,11
15,12
15,14
15,15
15,19
18,1
18,3
19,0
19,1
11,2
19,3
18,4
18,0
15,17
15,13
15,10
15,8
15,4
15,0
12,0
11,1
10,3
9,1343
9,1341
9,1338
9,1335
9,1332
9,1330
9,1315
9,1312
9,1310
9,1307
9,1304
9,1302
9,1298
9,1291
9,1286
9,1284
9,1281
9,1278
9,1271
9,1268
9,1265
9,1262
9,1260
9,1257
9,1254
9,1252
9,1249
9,1246
9,1243
9,1241
9,1238
9,1235
9,1233
9,1230
9,1227
9,1225
9,1222
9,1219
9,1216
9,1214
9,1211
9,1207
9,1205
9,1202
9,1198
9,1195
9,1193
9,1190
9,1187
9,1185
9,1182
9,1179
9,1176
9,1174
9,1171
9,1168
9,1155
9,1104
9,1092
9,1087
9,1085
9,1082
9,1079
9,1077
9,1074
9,1071
9,1069
9,1066
9,1063
9,1060
9,1058
9,1055
9,1052
9,1050
9,1047
9,1044
9,1041
9,1039
9,1037
9,1034
9,1032
9,1029
9,1026
9,1023
9,1021
9,1018
9,1015
9,1013
9,1010
9,1007
9,1005
9,1002
9,999
9,996
9,994
9,991
9,988
9,986
9,983
9,980
9,977
9,975
9,972
9,969
9,967
9,964
9,961
9,959
9,957
9,954
9,951
9,949
9,946
9,943
9,941
9,938
9,935
9,932
9,930
9,927
9,924
9,922
9,919
9,916
9,913
9,911
9,908
9,905
9,903
9,900
9,898
9,1319
9,894
9,891
9,888
9,886
9,884
9,881
9,878
9,876
9,873
9,870
9,868
9,865
9,862
9,860
9,857
9,854
9,851
9,849
9,846
9,843
9,841
9,838
9,835
9,832
9,1116
9,828
9,825
9,823
9,820
9,817
9,814
9,812
9,809
9,806
9,804
9,801
9,798
9,796
9,793
9,790
9,787
9,785
9,782
9,779
9,777
9,774
9,771
9,768
9,766
9,763
9,760
9,758
9,755
9,752
9,749
9,747
9,744
9,741
9,739
9,736
9,733
9,730
9,728
9,725
9,722
9,720
9,717
9,714
9,712
9,709
9,706
9,703
9,1321
9,699
9,696
9,694
9,691
9,688
9,685
9,683
9,680
9,677
9,675
9,672
9,669
9,666
9,664
9,661
9,658
9,656
9,653
9,650
9,648
9,646
9,1122
9,1323
9,640
9,627
9,624
9,622
9,619
9,616
9,613
9,611
9,608
9,605
9,603
9,600
9,597
9,594
9,592
9,589
9,586
9,584
9,1324
9,579
9,576
9,574
9,571
9,568
9,566
9,563
9,560
9,558
9,555
9,552
9,549
9,547
9,544
9,541
9,539
9,536
9,533
9,530
9,528
9,525
9,522
9,520
9,517
9,514
9,511
9,509
9,506
9,503
9,501
9,498
9,495
9,493
9,490
9,487
9,484
9,482
9,479
9,476
9,474
9,471
9,468
9,465
9,463
9,460
9,457
9,455
9,452
9,449
9,446
9,444
9,441
9,438
9,436
9,433
9,430
9,428
9,425
9,422
9,419
9,417
9,414
9,411
9,409
9,406
9,403
9,400
9,398
9,395
9,392
9,390
9,387
9,384
9,381
9,379
9,376
9,373
9,371
9,368
9,365
9,362
9,360
9,357
9,354
9,352
9,349
9,346
9,344
9,341
9,338
9,335
9,333
9,330
9,327
9,325
9,322
9,319
9,316
9,314
9,311
9,308
9,306
9,303
9,301
9,298
9,296
9,293
9,290
9,288
9,285
9,282
9,280
9,277
9,274
9,271
9,269
9,266
9,263
9,261
9,258
9,255
9,252
9,250
9,247
9,244
9,242
9,239
9,236
9,1325
9,232
9,229
9,226
9,224
9,221
9,218
9,215
9,213
9,210
9,207
9,205
9,202
9,199
9,197
9,194
9,191
9,188
9,186
9,183
9,1326
9,153
9,100
9,97
9,94
9,92
9,89
9,86
9,84
9,81
9,78
9,75
9,73
9,70
9,67
9,65
9,62
9,59
9,57
9,54
9,51
9,48
9,46
9,44
9,41
9,39
9,36
9,33
9,30
9,29
9,28
9,168
9,27
9,134
9,26
9,171
9,25
9,633
9,21
9,20
9,155
9,17
9,15
9,14
9,173
9,11
9,10
9,9
9,7
9,2
9,175
9,638
7,1
5,3
9,177
9,135
3,6
9,140
3,3
9,161
9,632
1,2
0,1405
0,1403
0,1400
0,1397
0,1394
0,1393
0,1392
0,1390
0,1389
9,143
0,1386
9,129
9,151
0,1383
0,1381
0,1380
9,1165
0,1375
9,152
0,1371
0,1369
0,1367
9,167
9,148
0,1362
0,1361
0,1359
9,4
0,1355
0,1354
0,1352
0,1349
0,1347
0,1344
0,1341
0,1339
0,1336
0,1333
0,1330
0,1328
0,1325
0,1322
0,1320
0,1317
0,1314
0,1311
0,1309
0,1306
0,1303
0,1301
0,1298
0,1295
0,1292
0,1290
0,1287
0,1284
0,1282
0,1279
0,1276
0,1273
0,1271
0,1268
0,1265
0,1263
0,1260
0,1257
0,1255
0,1252
0,1249
0,1246
0,1244
0,1241
0,1238
0,1236
0,1233
0,1230
0,1227
0,1225
0,1222
0,1219
0,1217
0,1214
0,1211
0,1208
0,1206
0,1203
0,1200
0,1198
0,1195
0,1192
0,1190
0,1187
0,1184
0,1181
0,1179
0,1176
0,1173
0,1171
0,1168
0,1165
0,1162
0,1160
0,1157
0,1154
0,1152
0,1149
0,1146
0,1143
0,1141
0,1138
0,1135
0,1133
0,1130
0,1127
0,1124
0,1122
0,1119
0,1116
0,1114
0,1111
0,1108
0,1106
0,1103
0,1100
0,1097
0,1095
0,1092
0,1089
0,1087
0,1084
0,1081
0,1078
0,1076
0,1073
0,1070
0,1068
0,1065
0,1062
0,1059
0,1057
0,1054
0,1051
0,1049
0,1533
0,1048
0,1046
0,1044
0,1042
0,1039
0,1037
0,1034
0,1032
0,1031
0,1029
0,1027
0,1025
0,1024
0,1021
0,1019
0,1017
0,1015
0,1012
0,1010
0,1008
0,1006
0,1003
0,1002
0,999
0,997
0,994
0,992
0,989
0,986
0,984
0,1516
0,979
0,1515
0,975
0,973
0,970
0,969
0,966
0,964
0,962
0,960
0,957
0,955
0,953
0,951
0,949
0,947
0,945
0,1506
0,940
0,1505
0,936
0,934
0,932
0,930
0,928
0,926
0,924
0,921
0,919
0,917
0,915
0,912
0,911
0,908
0,906
0,903
0,902
0,1495
0,1492
0,899
0,897
0,895
0,893
0,891
0,888
0,885
0,883
0,881
0,878
0,877
0,874
0,872
0,869
0,868
0,865
0,863
0,861
0,1482
0,856
0,854
0,852
0,1480
0,847
0,1479
0,843
0,841
0,838
0,837
0,834
0,832
0,830
0,828
0,825
0,823
0,821
0,819
0,817
0,815
0,813
0,1470
0,809
0,807
0,804
0,802
0,1467
0,798
0,796
0,794
0,792
0,789
0,787
0,785
0,782
0,780
0,778
0,776
0,773
0,771
0,769
0,1460
0,764
0,1459
0,760
0,758
0,756
0,754
0,752
0,749
0,748
0,745
0,743
0,741
0,739
0,736
0,734
0,732
0,730
0,1450
0,726
0,1449
0,721
0,719
0,717
0,715
0,712
0,710
0,707
0,704
0,696
0,694
0,691
0,687
0,1446
0,683
0,681
0,679
0,677
0,1443
0,672
0,1442
0,666
0,664
0,662
0,660
0,657
0,655
0,653
0,650
0,1437
0,647
0,645
0,643
0,641
0,640
0,582
0,580
0,578
0,576
0,573
0,571
0,568
0,566
0,563
0,561
0,558
0,1429
0,1428
0,552
0,550
0,547
0,546
0,543
0,541
0,539
0,536
0,534
0,532
0,1422
0,1421
0,527
0,525
0,523
0,520
0,275
0,274
0,406
0,273
0,405
0,272
0,404
0,271
0,403
0,270
0,402
0,269
0,401
0,268
0,400
0,267
0,266
0,398
0,265
0,397
0,264
0,399
0,263
0,396
0,262
0,395
0,261
0,322
0,260
0,321
0,259
0,394
0,258
0,393
0,257
0,392
0,256
0,375
0,255
0,374
0,254
0,373
0,253
0,372
0,252
0,371
0,251
0,391
0,250
0,390
0,249
0,369
0,248
0,368
0,247
0,370
0,246
0,367
0,245
0,366
0,244
0,365
0,242
0,364
0,241
0,363
0,240
0,362
0,239
0,389
0,238
0,361
0,237
0,360
0,236
0,359
0,235
0,388
0,234
0,358
0,233
0,357
0,232
0,356
0,231
0,387
0,230
0,386
0,229
0,385
0,228
0,227
0,384
0,226
0,383
0,225
0,355
0,224
0,354
0,223
0,353
0,222
0,352
0,221
0,351
0,220
0,350
0,219
0,349
0,218
0,348
0,217
0,347
0,216
0,346
0,215
0,345
0,214
0,344
0,213
0,212
0,343
0,211
0,342
0,210
0,341
0,209
0,340
0,208
0,382
0,207
0,381
0,206
0,339
0,205
0,338
0,204
0,337
0,203
0,380
0,202
0,336
0,201
0,335
0,200
0,334
0,199
0,379
0,198
0,333
0,197
0,332
0,196
0,331
0,195
0,330
0,194
0,329
0,193
0,328
0,192
0,378
0,63
0,377
0,62
0,445
0,61
0,326
0,60
0,325
0,59
0,688
0,58
0,323
0,57
0,413
0,668
0,56
0,319
0,55
0,318
0,54
0,317
0,53
0,667
0,52
0,315
0,51
0,50
0,313
0,49
0,312
0,48
0,311
0,47
0,309
0,46
0,306
0,45
0,301
0,6
0,5
0,1
0,11
0,4
0,2
0,3
0,7
